type      = 0 # LINEAR_VOX_TO_VOX
nxforms   = 1
mean      = 0.0000 0.0000 0.0000
sigma     = 1.0000
1 4 4
-2.220445916901415e-16 -9.999999403953552e-01 0.000000000000000e+00 1.159000000000000e+03 
-2.220445916901415e-16 4.930380363757736e-32 -9.999999403953552e-01 8.070000000000000e+02 
-9.999999403953552e-01 2.220445916901415e-16 2.220445916901415e-16 9.270001220703125e+02 
0.000000000000000e+00 0.000000000000000e+00 0.000000000000000e+00 1.000000000000000e+00 
src volume info
valid = 1  # volume info valid
filename = /autofs/space/minar_001/users/divya/I46_P41/parameter_maps_B0EPIC_B1Tx/flash20.mgz
volume = 1280 1040 576
voxelsize = 1.500000059604645e-01 1.500000059604645e-01 1.500000059604645e-01
xras   = 0.000000000000000e+00 0.000000000000000e+00 -1.000000000000000e+00
yras   = -1.000000000000000e+00 0.000000000000000e+00 0.000000000000000e+00
zras   = 0.000000000000000e+00 -1.000000000000000e+00 0.000000000000000e+00
cras   = 5.128326416015625e+00 9.682868957519531e+00 1.458111572265625e+01
dst volume info
valid = 1  # volume info valid
filename = /autofs/space/minar_001/users/divya/I46_P41/fa20/FA20_echorms_b0Corr.nii.gz
volume = 1280 1040 576
voxelsize = 1.500000059604645e-01 1.500000059604645e-01 1.500000059604645e-01
xras   = 0.000000000000000e+00 0.000000000000000e+00 -1.000000000000000e+00
yras   = -1.000000000000000e+00 0.000000000000000e+00 0.000000000000000e+00
zras   = 0.000000000000000e+00 -1.000000000000000e+00 0.000000000000000e+00
cras   = 5.128326416015625e+00 9.682868957519531e+00 1.458111572265625e+01
